sub_id,param_value
0, csv file 0 path
1, csv file 1 path
2, csv file 2 path
3, csv file 3 path
